T_TCP = [1 0 0 0.311497;
    0 1 0 0.000053;
    0 0 1 0.120788;
    0 0 0 1];