T_TCP = [1 0 0 0.170459248739769;
    0 1 0 0.00231350460462227;
    0 0 1 0.211985292477925;
    0 0 0 1];