%       A1-2    A2-3    A3-4    A4-5    A5-6    A6-Flange
DH  = [ -pi/2,  0,      pi/2,   -pi/2,      pi/2,   pi;         %Alpha
        0.35,   1.15,   -0.041, 0,          0,      0;          %r or a
        0,      0,      -pi/2,  0,          0,      -pi;        %theta
        0.675,  0,      0,      -1.000,     0,      -0.215]';   %d